# Cycle: 149, status: ACC, move: ('wf', 9000, 3, 31)
#     Time      Potential        Kinetic
         0    -120.396793       0.104531            nan            nan
         1    -120.425333       0.134333            nan            nan
         2    -120.408129       0.166777            nan            nan
         3    -120.369925       0.161855            nan            nan
         4    -120.348553       0.148020            nan            nan
         5    -120.359114       0.177491            nan            nan
         6    -120.369876       0.177723            nan            nan
         7    -120.338510       0.122704            nan            nan
         8    -120.275151       0.092803            nan            nan
         9    -120.249319       0.074147            nan            nan
        10    -120.286750       0.125309            nan            nan
        11    -120.281757       0.145828            nan            nan
        12    -120.212222       0.062292            nan            nan
        13    -120.175432       0.028475            nan            nan
        14    -120.201495       0.062343            nan            nan
        15    -120.244141       0.101222            nan            nan
        16    -120.236689       0.088583            nan            nan
        17    -120.181862       0.046830            nan            nan
        18    -120.173327       0.034808            nan            nan
        19    -120.244128       0.110125            nan            nan
        20    -120.262132       0.099911            nan            nan
        21    -120.220994       0.061205            nan            nan
        22    -120.213992       0.055050            nan            nan
        23    -120.279134       0.124948            nan            nan
        24    -120.344691       0.171375            nan            nan
        25    -120.349812       0.184055            nan            nan
        26    -120.324546       0.158371            nan            nan
        27    -120.352619       0.182516            nan            nan
        28    -120.421394       0.230711            nan            nan
        29    -120.439893       0.229196            nan            nan
        30    -120.389982       0.176679            nan            nan
