# Cycle: 149, status: ACC, move: ('wf', 9000, 3, 31)
#     Time       Orderp
         0    -0.723498
         1    -0.692502
         2    -0.653004
         3    -0.609697
         4    -0.562647
         5    -0.518794
         6    -0.477806
         7    -0.447290
         8    -0.422275
         9    -0.398960
        10    -0.374236
        11    -0.346211
        12    -0.322560
        13    -0.306535
        14    -0.295569
        15    -0.288079
        16    -0.286262
        17    -0.285032
        18    -0.289950
        19    -0.294997
        20    -0.301962
        21    -0.315776
        22    -0.339858
        23    -0.380346
        24    -0.431036
        25    -0.485978
        26    -0.542828
        27    -0.598453
        28    -0.646926
        29    -0.687838
        30    -0.725496
