# Cycle: 85, status: ACC, move: ('wf', 9000, 2, 29)
#     Time      Potential        Kinetic
         0    -120.404811       0.223459            nan            nan
         1    -120.408718       0.243370            nan            nan
         2    -120.408599       0.231850            nan            nan
         3    -120.411749       0.229036            nan            nan
         4    -120.390405       0.251492            nan            nan
         5    -120.340153       0.193529            nan            nan
         6    -120.281473       0.150870            nan            nan
         7    -120.245972       0.107315            nan            nan
         8    -120.243414       0.113231            nan            nan
         9    -120.247043       0.108193            nan            nan
        10    -120.228982       0.101282            nan            nan
        11    -120.197799       0.083438            nan            nan
        12    -120.181675       0.081518            nan            nan
        13    -120.196457       0.093875            nan            nan
        14    -120.210070       0.119252            nan            nan
        15    -120.191511       0.107265            nan            nan
        16    -120.160609       0.079563            nan            nan
        17    -120.158603       0.083746            nan            nan
        18    -120.189549       0.116265            nan            nan
        19    -120.216610       0.151170            nan            nan
        20    -120.201737       0.133959            nan            nan
        21    -120.185977       0.124360            nan            nan
        22    -120.230389       0.166876            nan            nan
        23    -120.306531       0.251086            nan            nan
        24    -120.339294       0.279534            nan            nan
        25    -120.325555       0.270087            nan            nan
        26    -120.317921       0.278731            nan            nan
        27    -120.342712       0.284794            nan            nan
        28    -120.382612       0.346860            nan            nan
