# Cycle: 85, status: ACC, move: ('wf', 9000, 2, 29)
#     Time       Orderp
         0    -0.723478
         1    -0.686568
         2    -0.638720
         3    -0.585954
         4    -0.529228
         5    -0.475827
         6    -0.426347
         7    -0.383553
         8    -0.348739
         9    -0.318835
        10    -0.287059
        11    -0.256300
        12    -0.231086
        13    -0.213642
        14    -0.204036
        15    -0.200870
        16    -0.202436
        17    -0.211465
        18    -0.224710
        19    -0.241676
        20    -0.267737
        21    -0.304517
        22    -0.352354
        23    -0.405387
        24    -0.465335
        25    -0.527817
        26    -0.591715
        27    -0.655840
        28    -0.717370
