# Cycle: 21, status: ACC, move: ('wf', 9000, 3, 29)
#     Time      Potential        Kinetic
         0    -120.372102       0.378804            nan            nan
         1    -120.392231       0.345095            nan            nan
         2    -120.392662       0.351950            nan            nan
         3    -120.363523       0.336948            nan            nan
         4    -120.307978       0.241834            nan            nan
         5    -120.254237       0.179126            nan            nan
         6    -120.228344       0.125385            nan            nan
         7    -120.224051       0.124446            nan            nan
         8    -120.196725       0.101324            nan            nan
         9    -120.151788       0.073066            nan            nan
        10    -120.129281       0.052135            nan            nan
        11    -120.154835       0.091261            nan            nan
        12    -120.187933       0.137545            nan            nan
        13    -120.173254       0.138838            nan            nan
        14    -120.120265       0.093607            nan            nan
        15    -120.120367       0.081347            nan            nan
        16    -120.162271       0.110197            nan            nan
        17    -120.170518       0.121330            nan            nan
        18    -120.138801       0.075334            nan            nan
        19    -120.120508       0.065581            nan            nan
        20    -120.155966       0.113658            nan            nan
        21    -120.215506       0.173561            nan            nan
        22    -120.237099       0.196096            nan            nan
        23    -120.219803       0.194356            nan            nan
        24    -120.254444       0.233793            nan            nan
        25    -120.347402       0.332372            nan            nan
        26    -120.395400       0.408921            nan            nan
        27    -120.367733       0.390814            nan            nan
        28    -120.315608       0.351941            nan            nan
