# Cycle: 21, status: ACC, move: ('wf', 9000, 3, 29)
#     Time       Orderp
         0    -0.707227
         1    -0.641961
         2    -0.576256
         3    -0.508229
         4    -0.438357
         5    -0.375128
         6    -0.321227
         7    -0.276564
         8    -0.242480
         9    -0.217037
        10    -0.196733
        11    -0.178503
        12    -0.161844
        13    -0.149469
        14    -0.142448
        15    -0.144352
        16    -0.150277
        17    -0.160321
        18    -0.177013
        19    -0.198154
        20    -0.224325
        21    -0.259561
        22    -0.304898
        23    -0.360876
        24    -0.429689
        25    -0.509358
        26    -0.592524
        27    -0.673394
        28    -0.745396
