# Cycle: 66, status: ACC, move: ('wf', 9000, 3, 21)
#     Time      Potential        Kinetic
         0    -120.408373       0.110177            nan            nan
         1    -120.405174       0.125710            nan            nan
         2    -120.391468       0.120122            nan            nan
         3    -120.392542       0.129651            nan            nan
         4    -120.397249       0.117014            nan            nan
         5    -120.386551       0.131745            nan            nan
         6    -120.362302       0.106047            nan            nan
         7    -120.333725       0.095046            nan            nan
         8    -120.311475       0.068937            nan            nan
         9    -120.303101       0.084755            nan            nan
        10    -120.294206       0.081085            nan            nan
        11    -120.279200       0.065053            nan            nan
        12    -120.273872       0.065270            nan            nan
        13    -120.292576       0.077031            nan            nan
        14    -120.312598       0.111714            nan            nan
        15    -120.321070       0.142389            nan            nan
        16    -120.322880       0.159386            nan            nan
        17    -120.330537       0.183040            nan            nan
        18    -120.370083       0.249269            nan            nan
        19    -120.407670       0.324131            nan            nan
        20    -120.402773       0.293095            nan            nan
