# Cycle: 66, status: ACC, move: ('wf', 9000, 3, 21)
#     Time       Orderp
         0    -0.728383
         1    -0.691698
         2    -0.649562
         3    -0.603278
         4    -0.557002
         5    -0.512673
         6    -0.473973
         7    -0.441370
         8    -0.416430
         9    -0.399281
        10    -0.386322
        11    -0.381508
        12    -0.383295
        13    -0.397505
        14    -0.422794
        15    -0.459327
        16    -0.508035
        17    -0.563315
        18    -0.626143
        19    -0.695491
        20    -0.762526
