# Cycle: 55, status: ACC, move: ('wf', 9000, 3, 20)
#     Time      Potential        Kinetic
         0    -120.330120       0.288539            nan            nan
         1    -120.379243       0.312904            nan            nan
         2    -120.401491       0.301840            nan            nan
         3    -120.384856       0.305691            nan            nan
         4    -120.340784       0.241726            nan            nan
         5    -120.292332       0.221921            nan            nan
         6    -120.246267       0.172979            nan            nan
         7    -120.196333       0.123694            nan            nan
         8    -120.144517       0.097512            nan            nan
         9    -120.113784       0.076758            nan            nan
        10    -120.129285       0.090151            nan            nan
        11    -120.188018       0.168347            nan            nan
        12    -120.240820       0.203175            nan            nan
        13    -120.283964       0.249013            nan            nan
        14    -120.335597       0.297913            nan            nan
        15    -120.365693       0.294470            nan            nan
        16    -120.359334       0.262455            nan            nan
        17    -120.316853       0.206481            nan            nan
        18    -120.268460       0.162552            nan            nan
        19    -120.245971       0.165088            nan            nan
