# Cycle: 55, status: ACC, move: ('wf', 9000, 3, 20)
#     Time       Orderp
         0    -0.731224
         1    -0.655672
         2    -0.583012
         3    -0.514592
         4    -0.454879
         5    -0.409505
         6    -0.380762
         7    -0.364754
         8    -0.356942
         9    -0.356908
        10    -0.367016
        11    -0.385473
        12    -0.412501
        13    -0.448521
        14    -0.496435
        15    -0.545004
        16    -0.593536
        17    -0.637945
        18    -0.680599
        19    -0.716651
