# Cycle: 65, status: ACC, move: ('wf', 9000, 3, 23)
#     Time      Potential        Kinetic
         0    -120.350483       0.166747            nan            nan
         1    -120.326671       0.144066            nan            nan
         2    -120.370034       0.180217            nan            nan
         3    -120.419263       0.234985            nan            nan
         4    -120.396461       0.177006            nan            nan
         5    -120.335442       0.113523            nan            nan
         6    -120.311233       0.106423            nan            nan
         7    -120.328780       0.120349            nan            nan
         8    -120.351842       0.139803            nan            nan
         9    -120.341867       0.121325            nan            nan
        10    -120.294312       0.087946            nan            nan
        11    -120.278071       0.076428            nan            nan
        12    -120.312771       0.106602            nan            nan
        13    -120.313204       0.101272            nan            nan
        14    -120.275528       0.054094            nan            nan
        15    -120.273773       0.052860            nan            nan
        16    -120.323009       0.109316            nan            nan
        17    -120.376372       0.158594            nan            nan
        18    -120.396988       0.177876            nan            nan
        19    -120.388972       0.149491            nan            nan
        20    -120.390608       0.164508            nan            nan
        21    -120.414419       0.190715            nan            nan
        22    -120.412719       0.187896            nan            nan
