# Cycle: 12, status: ACC, move: ('wf', 9000, 2, 31)
#     Time      Potential        Kinetic
         0    -120.365730       0.370879            nan            nan
         1    -120.352924       0.390230            nan            nan
         2    -120.293439       0.320688            nan            nan
         3    -120.244576       0.256351            nan            nan
         4    -120.238437       0.244345            nan            nan
         5    -120.253227       0.236065            nan            nan
         6    -120.248263       0.206461            nan            nan
         7    -120.215490       0.183046            nan            nan
         8    -120.172470       0.152379            nan            nan
         9    -120.158923       0.131225            nan            nan
        10    -120.170646       0.139151            nan            nan
        11    -120.159789       0.119797            nan            nan
        12    -120.134848       0.112012            nan            nan
        13    -120.129703       0.101757            nan            nan
        14    -120.159573       0.134761            nan            nan
        15    -120.193725       0.172117            nan            nan
        16    -120.195664       0.165123            nan            nan
        17    -120.169274       0.133029            nan            nan
        18    -120.159617       0.127023            nan            nan
        19    -120.184254       0.146911            nan            nan
        20    -120.190989       0.146431            nan            nan
        21    -120.178511       0.154616            nan            nan
        22    -120.193094       0.200291            nan            nan
        23    -120.245846       0.282829            nan            nan
        24    -120.311091       0.294599            nan            nan
        25    -120.364634       0.352338            nan            nan
        26    -120.395382       0.373166            nan            nan
        27    -120.402760       0.359661            nan            nan
        28    -120.395906       0.356716            nan            nan
        29    -120.369643       0.324335            nan            nan
        30    -120.324710       0.237344            nan            nan
