# Cycle: 137, status: ACC, move: ('wf', 9000, 3, 20)
#     Time      Potential        Kinetic
         0    -120.388689       0.225569            nan            nan
         1    -120.363947       0.188933            nan            nan
         2    -120.326753       0.141824            nan            nan
         3    -120.315078       0.132239            nan            nan
         4    -120.315668       0.116852            nan            nan
         5    -120.299418       0.082262            nan            nan
         6    -120.279691       0.057490            nan            nan
         7    -120.278046       0.058779            nan            nan
         8    -120.290641       0.067615            nan            nan
         9    -120.303640       0.076220            nan            nan
        10    -120.312753       0.091562            nan            nan
        11    -120.319541       0.094223            nan            nan
        12    -120.335895       0.115608            nan            nan
        13    -120.346269       0.111322            nan            nan
        14    -120.347440       0.115695            nan            nan
        15    -120.355115       0.124201            nan            nan
        16    -120.365691       0.147241            nan            nan
        17    -120.374243       0.149672            nan            nan
        18    -120.385080       0.152199            nan            nan
        19    -120.387472       0.188719            nan            nan
