# Cycle: 111, status: ACC, move: ('wf', 9000, 3, 19)
#     Time      Potential        Kinetic
         0    -120.325645       0.261665            nan            nan
         1    -120.300649       0.209473            nan            nan
         2    -120.298840       0.183236            nan            nan
         3    -120.339654       0.254896            nan            nan
         4    -120.380858       0.259556            nan            nan
         5    -120.371912       0.250487            nan            nan
         6    -120.316621       0.202587            nan            nan
         7    -120.274654       0.188721            nan            nan
         8    -120.258640       0.175123            nan            nan
         9    -120.224534       0.134962            nan            nan
        10    -120.167828       0.059740            nan            nan
        11    -120.144382       0.038550            nan            nan
        12    -120.185084       0.077095            nan            nan
        13    -120.266197       0.134823            nan            nan
        14    -120.322788       0.199624            nan            nan
        15    -120.330996       0.175175            nan            nan
        16    -120.361699       0.244399            nan            nan
        17    -120.417173       0.287229            nan            nan
        18    -120.422336       0.279109            nan            nan
