# Cycle: 111, status: ACC, move: ('wf', 9000, 3, 19)
#     Time       Orderp
         0    -0.746445
         1    -0.699642
         2    -0.654089
         3    -0.605260
         4    -0.553224
         5    -0.504725
         6    -0.456373
         7    -0.409947
         8    -0.370349
         9    -0.346144
        10    -0.339673
        11    -0.350055
        12    -0.374988
        13    -0.412411
        14    -0.459031
        15    -0.515823
        16    -0.577373
        17    -0.645941
        18    -0.706706
