# Cycle: 83, status: ACC, move: ('wf', 9000, 3, 22)
#     Time      Potential        Kinetic
         0    -120.373043       0.197744            nan            nan
         1    -120.372065       0.184526            nan            nan
         2    -120.349369       0.172660            nan            nan
         3    -120.338124       0.146347            nan            nan
         4    -120.341885       0.141761            nan            nan
         5    -120.325690       0.115874            nan            nan
         6    -120.288804       0.074631            nan            nan
         7    -120.262141       0.041571            nan            nan
         8    -120.254136       0.047830            nan            nan
         9    -120.260639       0.052021            nan            nan
        10    -120.262084       0.052695            nan            nan
        11    -120.239708       0.033008            nan            nan
        12    -120.242186       0.035176            nan            nan
        13    -120.280814       0.082890            nan            nan
        14    -120.308787       0.144811            nan            nan
        15    -120.316140       0.150545            nan            nan
        16    -120.314638       0.176047            nan            nan
        17    -120.328946       0.203068            nan            nan
        18    -120.361107       0.222400            nan            nan
        19    -120.370381       0.241558            nan            nan
        20    -120.326605       0.195478            nan            nan
        21    -120.279822       0.150938            nan            nan
