# Cycle: 83, status: ACC, move: ('wf', 9000, 3, 22)
#     Time       Orderp
         0    -0.703296
         1    -0.641501
         2    -0.578679
         3    -0.522568
         4    -0.481976
         5    -0.451147
         6    -0.423987
         7    -0.399323
         8    -0.378087
         9    -0.361455
        10    -0.348834
        11    -0.341256
        12    -0.344030
        13    -0.361551
        14    -0.393891
        15    -0.435658
        16    -0.483499
        17    -0.539442
        18    -0.596509
        19    -0.644835
        20    -0.685304
        21    -0.720802
