# Cycle: 107, status: ACC, move: ('wf', 9000, 3, 18)
#     Time      Potential        Kinetic
         0    -120.294669       0.363898            nan            nan
         1    -120.311659       0.440410            nan            nan
         2    -120.377346       0.457028            nan            nan
         3    -120.362593       0.460022            nan            nan
         4    -120.231194       0.324226            nan            nan
         5    -120.081244       0.148443            nan            nan
         6    -120.025224       0.086594            nan            nan
         7    -120.065351       0.117278            nan            nan
         8    -120.120368       0.190892            nan            nan
         9    -120.108649       0.181455            nan            nan
        10    -120.096276       0.196054            nan            nan
        11    -120.185763       0.294868            nan            nan
        12    -120.284196       0.405538            nan            nan
        13    -120.263188       0.407757            nan            nan
        14    -120.140886       0.367852            nan            nan
        15    -120.032684       0.294838            nan            nan
        16    -120.016220       0.333774            nan            nan
        17    -120.063863       0.364900            nan            nan
