# Cycle: 101, status: ACC, move: ('wf', 9000, 2, 53)
#     Time      Potential        Kinetic
         0    -120.375411       0.439117            nan            nan
         1    -120.361163       0.359831            nan            nan
         2    -120.354903       0.345141            nan            nan
         3    -120.348226       0.326205            nan            nan
         4    -120.295187       0.272882            nan            nan
         5    -120.232793       0.231675            nan            nan
         6    -120.202721       0.187539            nan            nan
         7    -120.186772       0.189755            nan            nan
         8    -120.181943       0.201901            nan            nan
         9    -120.170196       0.177921            nan            nan
        10    -120.140181       0.154270            nan            nan
        11    -120.127466       0.134667            nan            nan
        12    -120.134727       0.146834            nan            nan
        13    -120.117893       0.117753            nan            nan
        14    -120.083367       0.084505            nan            nan
        15    -120.063609       0.055682            nan            nan
        16    -120.072343       0.052990            nan            nan
        17    -120.111731       0.098303            nan            nan
        18    -120.145756       0.125172            nan            nan
        19    -120.125877       0.100243            nan            nan
        20    -120.100335       0.068012            nan            nan
        21    -120.133236       0.098787            nan            nan
        22    -120.161072       0.104114            nan            nan
        23    -120.135323       0.078049            nan            nan
        24    -120.086401       0.038340            nan            nan
        25    -120.064477       0.012928            nan            nan
        26    -120.095254       0.042788            nan            nan
        27    -120.144091       0.093570            nan            nan
        28    -120.141573       0.098203            nan            nan
        29    -120.085174       0.056493            nan            nan
        30    -120.091958       0.067647            nan            nan
        31    -120.151732       0.122542            nan            nan
        32    -120.153275       0.115934            nan            nan
        33    -120.099128       0.063974            nan            nan
        34    -120.056183       0.032775            nan            nan
        35    -120.067668       0.047890            nan            nan
        36    -120.101919       0.106071            nan            nan
        37    -120.100812       0.082706            nan            nan
        38    -120.054984       0.057952            nan            nan
        39    -120.058575       0.055219            nan            nan
        40    -120.124723       0.124742            nan            nan
        41    -120.161055       0.133442            nan            nan
        42    -120.148680       0.101181            nan            nan
        43    -120.137823       0.090707            nan            nan
        44    -120.159052       0.111916            nan            nan
        45    -120.200203       0.163264            nan            nan
        46    -120.220262       0.186968            nan            nan
        47    -120.201739       0.172306            nan            nan
        48    -120.206182       0.184164            nan            nan
        49    -120.280295       0.263936            nan            nan
        50    -120.361515       0.338423            nan            nan
        51    -120.388762       0.379085            nan            nan
        52    -120.378813       0.365027            nan            nan
