# Cycle: 87, status: ACC, move: ('wf', 9000, 3, 28)
#     Time      Potential        Kinetic
         0    -120.413455       0.138156            nan            nan
         1    -120.414142       0.146595            nan            nan
         2    -120.417786       0.165743            nan            nan
         3    -120.410992       0.177560            nan            nan
         4    -120.373715       0.174133            nan            nan
         5    -120.322407       0.128033            nan            nan
         6    -120.298015       0.081112            nan            nan
         7    -120.299010       0.086066            nan            nan
         8    -120.295588       0.093023            nan            nan
         9    -120.273340       0.083848            nan            nan
        10    -120.253214       0.069353            nan            nan
        11    -120.259591       0.081053            nan            nan
        12    -120.257722       0.085303            nan            nan
        13    -120.228941       0.049313            nan            nan
        14    -120.208774       0.028810            nan            nan
        15    -120.220796       0.036482            nan            nan
        16    -120.256218       0.061607            nan            nan
        17    -120.276513       0.062941            nan            nan
        18    -120.270261       0.051919            nan            nan
        19    -120.275298       0.057074            nan            nan
        20    -120.314324       0.110982            nan            nan
        21    -120.362771       0.171218            nan            nan
        22    -120.380775       0.230229            nan            nan
        23    -120.369701       0.212753            nan            nan
        24    -120.358323       0.198596            nan            nan
        25    -120.365071       0.171075            nan            nan
        26    -120.379721       0.197741            nan            nan
        27    -120.371210       0.195756            nan            nan
