# Cycle: 135, status: ACC, move: ('wf', 9000, 3, 27)
#     Time      Potential        Kinetic
         0    -120.383959       0.419891            nan            nan
         1    -120.406701       0.469590            nan            nan
         2    -120.370628       0.419784            nan            nan
         3    -120.310613       0.345107            nan            nan
         4    -120.276471       0.278808            nan            nan
         5    -120.266096       0.235418            nan            nan
         6    -120.258012       0.213943            nan            nan
         7    -120.235865       0.170006            nan            nan
         8    -120.205434       0.152745            nan            nan
         9    -120.203882       0.132613            nan            nan
        10    -120.222955       0.158099            nan            nan
        11    -120.213105       0.160831            nan            nan
        12    -120.170363       0.091073            nan            nan
        13    -120.144881       0.065293            nan            nan
        14    -120.147528       0.075221            nan            nan
        15    -120.163228       0.102987            nan            nan
        16    -120.159592       0.115100            nan            nan
        17    -120.149491       0.114746            nan            nan
        18    -120.181153       0.155049            nan            nan
        19    -120.250055       0.238301            nan            nan
        20    -120.292313       0.284891            nan            nan
        21    -120.287547       0.323108            nan            nan
        22    -120.268900       0.301821            nan            nan
        23    -120.278210       0.308448            nan            nan
        24    -120.312672       0.289555            nan            nan
        25    -120.352306       0.309203            nan            nan
        26    -120.364351       0.296278            nan            nan
