# Cycle: 57, status: ACC, move: ('wf', 9000, 3, 33)
#     Time      Potential        Kinetic
         0    -120.295136       0.451873            nan            nan
         1    -120.298358       0.425500            nan            nan
         2    -120.282855       0.357328            nan            nan
         3    -120.243153       0.299787            nan            nan
         4    -120.184056       0.242489            nan            nan
         5    -120.134997       0.193055            nan            nan
         6    -120.118485       0.173738            nan            nan
         7    -120.124776       0.177623            nan            nan
         8    -120.131111       0.184167            nan            nan
         9    -120.129491       0.174172            nan            nan
        10    -120.118732       0.169832            nan            nan
        11    -120.094872       0.144612            nan            nan
        12    -120.093505       0.156589            nan            nan
        13    -120.083073       0.144917            nan            nan
        14    -120.050450       0.130382            nan            nan
        15    -120.039331       0.098954            nan            nan
        16    -120.062254       0.116364            nan            nan
        17    -120.094784       0.145059            nan            nan
        18    -120.114447       0.150675            nan            nan
        19    -120.097959       0.151874            nan            nan
        20    -120.085708       0.130389            nan            nan
        21    -120.108843       0.154340            nan            nan
        22    -120.129872       0.155484            nan            nan
        23    -120.115812       0.137376            nan            nan
        24    -120.111791       0.124939            nan            nan
        25    -120.152419       0.178878            nan            nan
        26    -120.226426       0.240391            nan            nan
        27    -120.297442       0.312900            nan            nan
        28    -120.338920       0.333269            nan            nan
        29    -120.357262       0.367331            nan            nan
        30    -120.367813       0.384183            nan            nan
        31    -120.347001       0.329215            nan            nan
        32    -120.298122       0.235754            nan            nan
