# Cycle: 144, status: ACC, move: ('sh', -0.6171857082349379, 41, 12)
#     Time      Potential        Kinetic
         0    -120.391230       0.097375            nan            nan
         1    -120.386943       0.089977            nan            nan
         2    -120.383984       0.072691            nan            nan
         3    -120.396959       0.075492            nan            nan
         4    -120.416797       0.096109            nan            nan
         5    -120.419154       0.084101            nan            nan
         6    -120.404937       0.058444            nan            nan
         7    -120.393423       0.063847            nan            nan
         8    -120.391263       0.059069            nan            nan
         9    -120.403512       0.070171            nan            nan
        10    -120.409167       0.081003            nan            nan
        11    -120.398483       0.048889            nan            nan
        12    -120.386491       0.028054            nan            nan
        13    -120.389448       0.033873            nan            nan
        14    -120.400854       0.040403            nan            nan
        15    -120.407729       0.045120            nan            nan
        16    -120.405311       0.046264            nan            nan
        17    -120.402050       0.045555            nan            nan
        18    -120.417100       0.060977            nan            nan
        19    -120.428641       0.074452            nan            nan
        20    -120.419548       0.067037            nan            nan
        21    -120.399685       0.035934            nan            nan
        22    -120.392841       0.038009            nan            nan
        23    -120.399220       0.051172            nan            nan
        24    -120.398400       0.051597            nan            nan
        25    -120.380538       0.040330            nan            nan
        26    -120.368156       0.031493            nan            nan
        27    -120.382125       0.047291            nan            nan
        28    -120.410695       0.076425            nan            nan
        29    -120.412619       0.084972            nan            nan
        30    -120.387985       0.058210            nan            nan
        31    -120.376631       0.062428            nan            nan
        32    -120.396255       0.080477            nan            nan
        33    -120.410585       0.091540            nan            nan
        34    -120.394804       0.082265            nan            nan
        35    -120.366668       0.063113            nan            nan
        36    -120.384095       0.083818            nan            nan
        37    -120.424401       0.126111            nan            nan
        38    -120.415262       0.112677            nan            nan
        39    -120.375095       0.098741            nan            nan
        40    -120.352038       0.062604            nan            nan
        41    -120.360383       0.073006            nan            nan
        42    -120.381146       0.092642            nan            nan
        43    -120.382836       0.092647            nan            nan
        44    -120.348814       0.058193            nan            nan
        45    -120.339603       0.051045            nan            nan
        46    -120.388114       0.084796            nan            nan
        47    -120.420544       0.113171            nan            nan
        48    -120.407889       0.087910            nan            nan
        49    -120.378542       0.074260            nan            nan
        50    -120.371539       0.067163            nan            nan
        51    -120.388783       0.088179            nan            nan
        52    -120.409708       0.092943            nan            nan
