# Cycle: 5, status: ACC, move: ('wf', 9000, 3, 26)
#     Time      Potential        Kinetic
         0    -120.401158       0.225331            nan            nan
         1    -120.401629       0.223144            nan            nan
         2    -120.389037       0.230783            nan            nan
         3    -120.377868       0.199654            nan            nan
         4    -120.366497       0.194490            nan            nan
         5    -120.345088       0.162227            nan            nan
         6    -120.314642       0.146564            nan            nan
         7    -120.290308       0.117995            nan            nan
         8    -120.278205       0.086169            nan            nan
         9    -120.272739       0.090455            nan            nan
        10    -120.251100       0.074410            nan            nan
        11    -120.226707       0.060168            nan            nan
        12    -120.210832       0.034151            nan            nan
        13    -120.216574       0.047425            nan            nan
        14    -120.229335       0.064645            nan            nan
        15    -120.228976       0.058381            nan            nan
        16    -120.231609       0.057367            nan            nan
        17    -120.273199       0.117517            nan            nan
        18    -120.317358       0.169178            nan            nan
        19    -120.336930       0.193516            nan            nan
        20    -120.340745       0.190654            nan            nan
        21    -120.350834       0.189315            nan            nan
        22    -120.372295       0.202441            nan            nan
        23    -120.394952       0.199029            nan            nan
        24    -120.401009       0.207485            nan            nan
        25    -120.378971       0.180683            nan            nan
