# Cycle: 5, status: ACC, move: ('wf', 9000, 3, 26)
#     Time       Orderp
         0    -0.721643
         1    -0.672468
         2    -0.622005
         3    -0.572487
         4    -0.524080
         5    -0.479084
         6    -0.441593
         7    -0.401124
         8    -0.369030
         9    -0.349410
        10    -0.333642
        11    -0.319627
        12    -0.310937
        13    -0.306647
        14    -0.307906
        15    -0.318691
        16    -0.333440
        17    -0.356118
        18    -0.388973
        19    -0.427024
        20    -0.467612
        21    -0.513744
        22    -0.565552
        23    -0.619878
        24    -0.674988
        25    -0.731245
