# Cycle: 148, status: ACC, move: ('wf', 9000, 3, 20)
#     Time      Potential        Kinetic
         0    -120.376811       0.184520            nan            nan
         1    -120.349662       0.143677            nan            nan
         2    -120.353559       0.145836            nan            nan
         3    -120.382117       0.175396            nan            nan
         4    -120.395121       0.229246            nan            nan
         5    -120.338438       0.188880            nan            nan
         6    -120.258644       0.109376            nan            nan
         7    -120.266583       0.111599            nan            nan
         8    -120.320808       0.169318            nan            nan
         9    -120.301276       0.140882            nan            nan
        10    -120.244004       0.075243            nan            nan
        11    -120.223235       0.084671            nan            nan
        12    -120.240223       0.113863            nan            nan
        13    -120.273096       0.133005            nan            nan
        14    -120.334982       0.177394            nan            nan
        15    -120.339628       0.145950            nan            nan
        16    -120.298720       0.096832            nan            nan
        17    -120.321521       0.106251            nan            nan
        18    -120.374090       0.172203            nan            nan
        19    -120.374511       0.191276            nan            nan
