# Cycle: 148, status: ACC, move: ('wf', 9000, 3, 20)
#     Time       Orderp
         0    -0.712725
         1    -0.689003
         2    -0.655446
         3    -0.613334
         4    -0.567008
         5    -0.518692
         6    -0.476433
         7    -0.448760
         8    -0.435092
         9    -0.431842
        10    -0.437270
        11    -0.455331
        12    -0.479578
        13    -0.499538
        14    -0.517979
        15    -0.537612
        16    -0.564725
        17    -0.604448
        18    -0.650779
        19    -0.703668
