# Cycle: 129, status: ACC, move: ('sh', -0.6103819297576041, 27, 27)
#     Time      Potential        Kinetic
         0    -120.264555       0.183997            nan            nan
         1    -120.279456       0.201422            nan            nan
         2    -120.321873       0.231490            nan            nan
         3    -120.336063       0.229985            nan            nan
         4    -120.320911       0.196752            nan            nan
         5    -120.332489       0.207691            nan            nan
         6    -120.367422       0.259281            nan            nan
         7    -120.383378       0.267508            nan            nan
         8    -120.358602       0.225760            nan            nan
         9    -120.321235       0.180028            nan            nan
        10    -120.310444       0.166396            nan            nan
        11    -120.318677       0.183931            nan            nan
        12    -120.300145       0.185886            nan            nan
        13    -120.255196       0.147636            nan            nan
        14    -120.243734       0.137985            nan            nan
        15    -120.315846       0.199436            nan            nan
        16    -120.378312       0.239622            nan            nan
        17    -120.379886       0.173985            nan            nan
        18    -120.366576       0.150910            nan            nan
        19    -120.375558       0.164963            nan            nan
        20    -120.395470       0.171610            nan            nan
        21    -120.393817       0.190023            nan            nan
        22    -120.348721       0.178923            nan            nan
        23    -120.287624       0.125849            nan            nan
        24    -120.267028       0.107527            nan            nan
        25    -120.292093       0.136153            nan            nan
        26    -120.309655       0.144843            nan            nan
        27    -120.295062       0.127864            nan            nan
        28    -120.295976       0.145536            nan            nan
        29    -120.333397       0.177489            nan            nan
        30    -120.383657       0.250543            nan            nan
        31    -120.396427       0.284042            nan            nan
        32    -120.341978       0.213854            nan            nan
        33    -120.289098       0.139244            nan            nan
        34    -120.307609       0.146905            nan            nan
        35    -120.349762       0.196869            nan            nan
        36    -120.323547       0.153835            nan            nan
        37    -120.272459       0.099646            nan            nan
        38    -120.277553       0.108272            nan            nan
        39    -120.339772       0.160564            nan            nan
        40    -120.388698       0.207829            nan            nan
        41    -120.386491       0.195449            nan            nan
        42    -120.354275       0.167715            nan            nan
        43    -120.350763       0.171992            nan            nan
        44    -120.373144       0.177537            nan            nan
        45    -120.361135       0.159936            nan            nan
        46    -120.314622       0.117993            nan            nan
        47    -120.302650       0.099056            nan            nan
        48    -120.338448       0.133397            nan            nan
        49    -120.384836       0.175990            nan            nan
        50    -120.394573       0.175062            nan            nan
        51    -120.368839       0.156804            nan            nan
        52    -120.345501       0.133706            nan            nan
        53    -120.356576       0.148168            nan            nan
        54    -120.369260       0.142195            nan            nan
        55    -120.364829       0.126748            nan            nan
        56    -120.341478       0.101474            nan            nan
        57    -120.333698       0.088586            nan            nan
        58    -120.357150       0.103701            nan            nan
        59    -120.382391       0.138674            nan            nan
        60    -120.386278       0.150905            nan            nan
        61    -120.382284       0.134420            nan            nan
        62    -120.388909       0.140828            nan            nan
        63    -120.391990       0.133529            nan            nan
        64    -120.372575       0.126160            nan            nan
        65    -120.344824       0.101445            nan            nan
        66    -120.340288       0.094500            nan            nan
        67    -120.358683       0.121621            nan            nan
        68    -120.386415       0.139449            nan            nan
        69    -120.397650       0.135766            nan            nan
        70    -120.385995       0.128930            nan            nan
        71    -120.380268       0.147971            nan            nan
        72    -120.394486       0.152804            nan            nan
