# Cycle: 18, status: ACC, move: ('wf', 9000, 3, 26)
#     Time      Potential        Kinetic
         0    -120.369875       0.353373            nan            nan
         1    -120.356544       0.355081            nan            nan
         2    -120.262013       0.256146            nan            nan
         3    -120.187293       0.190644            nan            nan
         4    -120.177180       0.172577            nan            nan
         5    -120.233153       0.236539            nan            nan
         6    -120.262234       0.242713            nan            nan
         7    -120.185587       0.173977            nan            nan
         8    -120.105691       0.086549            nan            nan
         9    -120.136828       0.113523            nan            nan
        10    -120.171124       0.146152            nan            nan
        11    -120.135863       0.084016            nan            nan
        12    -120.101453       0.051821            nan            nan
        13    -120.109928       0.071353            nan            nan
        14    -120.150449       0.127520            nan            nan
        15    -120.188479       0.154228            nan            nan
        16    -120.182801       0.150119            nan            nan
        17    -120.158530       0.114602            nan            nan
        18    -120.177346       0.154069            nan            nan
        19    -120.233924       0.230008            nan            nan
        20    -120.260054       0.245876            nan            nan
        21    -120.272240       0.266469            nan            nan
        22    -120.294912       0.293212            nan            nan
        23    -120.346805       0.332048            nan            nan
        24    -120.404772       0.397783            nan            nan
        25    -120.411649       0.404687            nan            nan
