# Cycle: 1, status: ACC, move: ('wf', 9000, 3, 21)
#     Time      Potential        Kinetic
         0    -120.391370       0.263250            nan            nan
         1    -120.373551       0.252708            nan            nan
         2    -120.360645       0.259921            nan            nan
         3    -120.350964       0.263776            nan            nan
         4    -120.321262       0.227516            nan            nan
         5    -120.256776       0.153257            nan            nan
         6    -120.187596       0.089494            nan            nan
         7    -120.170466       0.069142            nan            nan
         8    -120.179548       0.083364            nan            nan
         9    -120.157468       0.078268            nan            nan
        10    -120.135326       0.049987            nan            nan
        11    -120.164556       0.076320            nan            nan
        12    -120.221270       0.133077            nan            nan
        13    -120.259114       0.184107            nan            nan
        14    -120.242819       0.156070            nan            nan
        15    -120.219088       0.129055            nan            nan
        16    -120.253893       0.153292            nan            nan
        17    -120.300620       0.216193            nan            nan
        18    -120.276689       0.217935            nan            nan
        19    -120.235395       0.210858            nan            nan
        20    -120.259737       0.292160            nan            nan
