# Cycle: 1, status: ACC, move: ('wf', 9000, 3, 21)
#     Time       Orderp
         0    -0.720944
         1    -0.645778
         2    -0.564560
         3    -0.484049
         4    -0.414917
         5    -0.359267
         6    -0.313466
         7    -0.279967
         8    -0.259499
         9    -0.251042
        10    -0.251268
        11    -0.262864
        12    -0.282713
        13    -0.310673
        14    -0.350695
        15    -0.401348
        16    -0.459937
        17    -0.526040
        18    -0.595896
        19    -0.671768
        20    -0.742670
