# Cycle: 69, status: ACC, move: ('wf', 9000, 3, 29)
#     Time      Potential        Kinetic
         0    -120.355187       0.537488            nan            nan
         1    -120.409430       0.600357            nan            nan
         2    -120.378922       0.553422            nan            nan
         3    -120.313086       0.479396            nan            nan
         4    -120.283629       0.453081            nan            nan
         5    -120.248703       0.382147            nan            nan
         6    -120.197551       0.328291            nan            nan
         7    -120.147590       0.285245            nan            nan
         8    -120.106659       0.220252            nan            nan
         9    -120.105644       0.224463            nan            nan
        10    -120.150249       0.269626            nan            nan
        11    -120.150210       0.256026            nan            nan
        12    -120.098498       0.202346            nan            nan
        13    -120.104874       0.208492            nan            nan
        14    -120.131246       0.216210            nan            nan
        15    -120.134351       0.233584            nan            nan
        16    -120.129530       0.212235            nan            nan
        17    -120.128356       0.222108            nan            nan
        18    -120.131203       0.232637            nan            nan
        19    -120.174976       0.294397            nan            nan
        20    -120.192569       0.309449            nan            nan
        21    -120.154505       0.247956            nan            nan
        22    -120.159832       0.279574            nan            nan
        23    -120.206032       0.321999            nan            nan
        24    -120.252441       0.345945            nan            nan
        25    -120.309585       0.394840            nan            nan
        26    -120.359597       0.457476            nan            nan
        27    -120.372816       0.482097            nan            nan
        28    -120.366530       0.440376            nan            nan
