# Cycle: 106, status: ACC, move: None
#     Time      Potential        Kinetic
         0    -120.431386       0.110012            nan            nan
         1    -120.416416       0.102881            nan            nan
         2    -120.381111       0.081491            nan            nan
         3    -120.365872       0.072637            nan            nan
         4    -120.370110       0.070830            nan            nan
         5    -120.364002       0.048983            nan            nan
         6    -120.359724       0.052368            nan            nan
         7    -120.376294       0.068399            nan            nan
         8    -120.405420       0.096990            nan            nan
         9    -120.427060       0.120819            nan            nan
        10    -120.428528       0.148706            nan            nan
        11    -120.409818       0.132671            nan            nan
        12    -120.385754       0.113279            nan            nan
        13    -120.368357       0.091884            nan            nan
        14    -120.353600       0.083626            nan            nan
        15    -120.332024       0.060235            nan            nan
        16    -120.330166       0.047098            nan            nan
        17    -120.351661       0.067985            nan            nan
        18    -120.376472       0.110971            nan            nan
        19    -120.387666       0.114744            nan            nan
        20    -120.391997       0.120441            nan            nan
        21    -120.401776       0.127551            nan            nan
        22    -120.407830       0.142501            nan            nan
        23    -120.395503       0.142340            nan            nan
        24    -120.364382       0.109958            nan            nan
        25    -120.331799       0.083694            nan            nan
        26    -120.313677       0.072996            nan            nan
        27    -120.320827       0.071867            nan            nan
        28    -120.338465       0.099415            nan            nan
        29    -120.343983       0.109346            nan            nan
        30    -120.339802       0.115893            nan            nan
        31    -120.356584       0.126967            nan            nan
        32    -120.385859       0.155921            nan            nan
