# Cycle: 124, status: ACC, move: None
#     Time      Potential        Kinetic
         0    -120.431386       0.110012            nan            nan
         1    -120.416416       0.102881            nan            nan
         2    -120.381265       0.069912            nan            nan
         3    -120.362272       0.062461            nan            nan
         4    -120.364045       0.067249            nan            nan
         5    -120.362456       0.053030            nan            nan
         6    -120.358611       0.060894            nan            nan
         7    -120.363307       0.077420            nan            nan
         8    -120.381354       0.103063            nan            nan
         9    -120.412932       0.128716            nan            nan
        10    -120.433576       0.148731            nan            nan
        11    -120.423610       0.129865            nan            nan
        12    -120.388906       0.105324            nan            nan
        13    -120.357549       0.091320            nan            nan
        14    -120.335699       0.080227            nan            nan
        15    -120.330007       0.066612            nan            nan
        16    -120.330427       0.077924            nan            nan
        17    -120.333514       0.075886            nan            nan
        18    -120.351612       0.078444            nan            nan
        19    -120.389755       0.113586            nan            nan
        20    -120.420747       0.151709            nan            nan
        21    -120.415586       0.144559            nan            nan
        22    -120.391201       0.136030            nan            nan
        23    -120.368818       0.114038            nan            nan
        24    -120.350076       0.097378            nan            nan
        25    -120.325786       0.080418            nan            nan
        26    -120.298577       0.051918            nan            nan
        27    -120.295062       0.051638            nan            nan
        28    -120.333976       0.108791            nan            nan
        29    -120.383715       0.172740            nan            nan
        30    -120.398064       0.159220            nan            nan
