# Cycle: 141, status: ACC, move: ('wf', 9000, 3, 21)
#     Time      Potential        Kinetic
         0    -120.346866       0.149802            nan            nan
         1    -120.365081       0.175346            nan            nan
         2    -120.407609       0.207353            nan            nan
         3    -120.430286       0.258680            nan            nan
         4    -120.380299       0.210498            nan            nan
         5    -120.298808       0.131513            nan            nan
         6    -120.250131       0.095317            nan            nan
         7    -120.255553       0.102064            nan            nan
         8    -120.286307       0.149477            nan            nan
         9    -120.275753       0.124308            nan            nan
        10    -120.213090       0.078812            nan            nan
        11    -120.198658       0.063318            nan            nan
        12    -120.277772       0.139116            nan            nan
        13    -120.341573       0.198180            nan            nan
        14    -120.331006       0.180230            nan            nan
        15    -120.301929       0.137799            nan            nan
        16    -120.319012       0.172541            nan            nan
        17    -120.374305       0.234266            nan            nan
        18    -120.395865       0.220869            nan            nan
        19    -120.348347       0.176669            nan            nan
        20    -120.294140       0.102905            nan            nan
