# Cycle: 52, status: ACC, move: ('wf', 9000, 3, 17)
#     Time      Potential        Kinetic
         0    -120.396599       0.099969            nan            nan
         1    -120.421954       0.128112            nan            nan
         2    -120.425639       0.109088            nan            nan
         3    -120.402943       0.081589            nan            nan
         4    -120.384493       0.080169            nan            nan
         5    -120.385759       0.065769            nan            nan
         6    -120.391863       0.058860            nan            nan
         7    -120.382603       0.042401            nan            nan
         8    -120.371246       0.025458            nan            nan
         9    -120.376408       0.038443            nan            nan
        10    -120.399171       0.063652            nan            nan
        11    -120.417323       0.086745            nan            nan
        12    -120.415594       0.068973            nan            nan
        13    -120.415410       0.055716            nan            nan
        14    -120.423263       0.060393            nan            nan
        15    -120.433973       0.074130            nan            nan
        16    -120.433001       0.068581            nan            nan
