# Cycle: 47, status: ACC, move: None
#     Time      Potential        Kinetic
         0    -120.392244       0.036002            nan            nan
         1    -120.424932       0.067944            nan            nan
         2    -120.439307       0.086586            nan            nan
         3    -120.415965       0.070763            nan            nan
         4    -120.389678       0.044075            nan            nan
         5    -120.390123       0.054344            nan            nan
         6    -120.404599       0.069133            nan            nan
         7    -120.405483       0.075272            nan            nan
         8    -120.386063       0.042024            nan            nan
         9    -120.375943       0.031595            nan            nan
        10    -120.401827       0.060354            nan            nan
        11    -120.427781       0.077175            nan            nan
        12    -120.418734       0.072751            nan            nan
        13    -120.396379       0.052280            nan            nan
        14    -120.395964       0.057655            nan            nan
        15    -120.408038       0.075555            nan            nan
        16    -120.399261       0.066170            nan            nan
        17    -120.368682       0.037803            nan            nan
        18    -120.347543       0.025564            nan            nan
        19    -120.363060       0.040513            nan            nan
        20    -120.401665       0.085523            nan            nan
        21    -120.400872       0.080312            nan            nan
        22    -120.371274       0.040126            nan            nan
        23    -120.379354       0.054910            nan            nan
        24    -120.412482       0.086746            nan            nan
        25    -120.423506       0.105234            nan            nan
        26    -120.397062       0.077038            nan            nan
        27    -120.363728       0.058697            nan            nan
        28    -120.360779       0.057547            nan            nan
        29    -120.381886       0.073334            nan            nan
        30    -120.400943       0.091458            nan            nan
