# Cycle: 105, status: ACC, move: ('wf', 9000, 3, 17)
#     Time      Potential        Kinetic
         0    -120.339285       0.148503            nan            nan
         1    -120.368047       0.175944            nan            nan
         2    -120.403776       0.217567            nan            nan
         3    -120.405713       0.182690            nan            nan
         4    -120.366236       0.133701            nan            nan
         5    -120.335978       0.109750            nan            nan
         6    -120.333344       0.111210            nan            nan
         7    -120.321351       0.098053            nan            nan
         8    -120.295099       0.075734            nan            nan
         9    -120.286689       0.056070            nan            nan
        10    -120.314551       0.093313            nan            nan
        11    -120.359424       0.139557            nan            nan
        12    -120.387100       0.191146            nan            nan
        13    -120.381264       0.168232            nan            nan
        14    -120.378600       0.148753            nan            nan
        15    -120.387656       0.146547            nan            nan
        16    -120.375550       0.131235            nan            nan
