# Cycle: 104, status: ACC, move: ('sh', -0.5870112247612699, 9, 3)
#     Time      Potential        Kinetic
         0    -120.304183       0.202585            nan            nan
         1    -120.336218       0.222350            nan            nan
         2    -120.367450       0.237288            nan            nan
         3    -120.367342       0.240619            nan            nan
         4    -120.332663       0.204266            nan            nan
         5    -120.334850       0.207338            nan            nan
         6    -120.351320       0.206408            nan            nan
         7    -120.331276       0.206700            nan            nan
         8    -120.299738       0.180582            nan            nan
         9    -120.299042       0.177853            nan            nan
        10    -120.328437       0.176211            nan            nan
        11    -120.358404       0.229597            nan            nan
        12    -120.352486       0.239872            nan            nan
        13    -120.303043       0.189318            nan            nan
        14    -120.307224       0.183525            nan            nan
        15    -120.375787       0.241043            nan            nan
