# Cycle: 78, status: ACC, move: ('wf', 9000, 3, 32)
#     Time      Potential        Kinetic
         0    -120.226583       0.323664            nan            nan
         1    -120.254263       0.341778            nan            nan
         2    -120.306134       0.394222            nan            nan
         3    -120.332899       0.408708            nan            nan
         4    -120.239691       0.354351            nan            nan
         5    -120.109496       0.236776            nan            nan
         6    -120.172075       0.295723            nan            nan
         7    -120.242047       0.370490            nan            nan
         8    -120.141338       0.271247            nan            nan
         9    -120.007957       0.158531            nan            nan
        10    -119.966361       0.109114            nan            nan
        11    -120.018528       0.169573            nan            nan
        12    -120.098901       0.224183            nan            nan
        13    -120.112114       0.200659            nan            nan
        14    -120.011192       0.108885            nan            nan
        15    -120.008336       0.101207            nan            nan
        16    -120.121598       0.216103            nan            nan
        17    -120.105273       0.187507            nan            nan
        18    -120.014673       0.105519            nan            nan
        19    -119.988331       0.062838            nan            nan
        20    -120.022987       0.089861            nan            nan
        21    -120.101971       0.171286            nan            nan
        22    -120.149339       0.206998            nan            nan
        23    -120.103962       0.180311            nan            nan
        24    -120.109990       0.190490            nan            nan
        25    -120.227544       0.287618            nan            nan
        26    -120.265510       0.379387            nan            nan
        27    -120.225247       0.280852            nan            nan
        28    -120.236124       0.248439            nan            nan
        29    -120.282710       0.287179            nan            nan
        30    -120.331310       0.327029            nan            nan
        31    -120.341995       0.338806            nan            nan
