# Cycle: 78, status: ACC, move: ('wf', 9000, 3, 32)
#     Time       Orderp
         0    -0.746364
         1    -0.691739
         2    -0.628852
         3    -0.563437
         4    -0.497649
         5    -0.435710
         6    -0.380324
         7    -0.328508
         8    -0.274692
         9    -0.224267
        10    -0.177430
        11    -0.131475
        12    -0.092004
        13    -0.063648
        14    -0.038001
        15    -0.015334
        16     0.005850
        17     0.024072
        18     0.041951
        19     0.060655
        20     0.081348
        21     0.106318
        22     0.139116
        23     0.182343
        24     0.239665
        25     0.311602
        26     0.395727
        27     0.482617
        28     0.558493
        29     0.621865
        30     0.670031
        31     0.710865
