# Cycle: 73, status: ACC, move: ('wf', 9000, 3, 24)
#     Time      Potential        Kinetic
         0    -120.349047       0.368231            nan            nan
         1    -120.333219       0.376547            nan            nan
         2    -120.337169       0.353838            nan            nan
         3    -120.290600       0.306958            nan            nan
         4    -120.217972       0.247175            nan            nan
         5    -120.168810       0.217177            nan            nan
         6    -120.164764       0.207218            nan            nan
         7    -120.188031       0.211505            nan            nan
         8    -120.183316       0.213744            nan            nan
         9    -120.134842       0.146834            nan            nan
        10    -120.119836       0.109890            nan            nan
        11    -120.149474       0.155919            nan            nan
        12    -120.140952       0.170939            nan            nan
        13    -120.092716       0.118998            nan            nan
        14    -120.068276       0.109265            nan            nan
        15    -120.103906       0.159150            nan            nan
        16    -120.166432       0.219794            nan            nan
        17    -120.192300       0.240610            nan            nan
        18    -120.201896       0.265194            nan            nan
        19    -120.270812       0.362714            nan            nan
        20    -120.356292       0.495138            nan            nan
        21    -120.382695       0.556665            nan            nan
        22    -120.345720       0.469308            nan            nan
        23    -120.289482       0.413270            nan            nan
