# Cycle: 73, status: ACC, move: ('wf', 9000, 3, 24)
#     Time       Orderp
         0    -0.711682
         1    -0.640582
         2    -0.557640
         3    -0.476593
         4    -0.396850
         5    -0.321484
         6    -0.252696
         7    -0.192964
         8    -0.137775
         9    -0.086990
        10    -0.045844
        11    -0.011525
        12     0.023078
        13     0.057195
        14     0.096040
        15     0.139297
        16     0.192111
        17     0.251812
        18     0.320877
        19     0.402518
        20     0.490988
        21     0.580352
        22     0.660055
        23     0.736132
