# Cycle: 17, status: ACC, move: None
#     Time      Potential        Kinetic
         0    -120.389644       0.105248            nan            nan
         1    -120.388567       0.113876            nan            nan
         2    -120.397573       0.125051            nan            nan
         3    -120.396451       0.143658            nan            nan
         4    -120.367903       0.135674            nan            nan
         5    -120.332158       0.111668            nan            nan
         6    -120.317781       0.092537            nan            nan
         7    -120.316786       0.096897            nan            nan
         8    -120.315441       0.081932            nan            nan
         9    -120.306669       0.064871            nan            nan
        10    -120.302505       0.076234            nan            nan
        11    -120.314025       0.079561            nan            nan
        12    -120.354842       0.121370            nan            nan
        13    -120.378263       0.156854            nan            nan
        14    -120.373020       0.139470            nan            nan
        15    -120.383810       0.149089            nan            nan
        16    -120.401961       0.160347            nan            nan
        17    -120.401871       0.133415            nan            nan
        18    -120.388289       0.105906            nan            nan
