# Cycle: 11, status: ACC, move: ('sh', -0.659386522369906, 15, 13)
#     Time      Potential        Kinetic
         0    -120.394098       0.164368            nan            nan
         1    -120.360354       0.150146            nan            nan
         2    -120.325914       0.113571            nan            nan
         3    -120.308903       0.095652            nan            nan
         4    -120.305999       0.112841            nan            nan
         5    -120.300479       0.077158            nan            nan
         6    -120.287721       0.080911            nan            nan
         7    -120.294958       0.075301            nan            nan
         8    -120.350673       0.126082            nan            nan
         9    -120.398648       0.166837            nan            nan
        10    -120.398258       0.154785            nan            nan
        11    -120.376094       0.137284            nan            nan
        12    -120.366183       0.124618            nan            nan
        13    -120.346623       0.109326            nan            nan
        14    -120.316612       0.083193            nan            nan
        15    -120.293155       0.070330            nan            nan
