# Cycle: 113, status: ACC, move: ('wf', 9000, 3, 24)
#     Time      Potential        Kinetic
         0    -120.410276       0.194181            nan            nan
         1    -120.388970       0.196478            nan            nan
         2    -120.335957       0.141491            nan            nan
         3    -120.342025       0.155683            nan            nan
         4    -120.385075       0.199992            nan            nan
         5    -120.362508       0.198865            nan            nan
         6    -120.284709       0.114971            nan            nan
         7    -120.259209       0.083564            nan            nan
         8    -120.289947       0.131171            nan            nan
         9    -120.301827       0.129468            nan            nan
        10    -120.259983       0.104388            nan            nan
        11    -120.192309       0.034037            nan            nan
        12    -120.202952       0.041795            nan            nan
        13    -120.279312       0.120491            nan            nan
        14    -120.314959       0.162223            nan            nan
        15    -120.275607       0.130597            nan            nan
        16    -120.260546       0.130564            nan            nan
        17    -120.316715       0.157645            nan            nan
        18    -120.385324       0.261370            nan            nan
        19    -120.396992       0.334424            nan            nan
        20    -120.334845       0.276791            nan            nan
        21    -120.274443       0.203578            nan            nan
        22    -120.285339       0.203523            nan            nan
        23    -120.321093       0.245391            nan            nan
