# Cycle: 72, status: ACC, move: ('wf', 9000, 3, 29)
#     Time      Potential        Kinetic
         0    -120.387208       0.217316            nan            nan
         1    -120.371556       0.192605            nan            nan
         2    -120.325356       0.166922            nan            nan
         3    -120.331685       0.193278            nan            nan
         4    -120.357535       0.224127            nan            nan
         5    -120.343139       0.212375            nan            nan
         6    -120.294289       0.194346            nan            nan
         7    -120.246911       0.147031            nan            nan
         8    -120.234866       0.139458            nan            nan
         9    -120.258955       0.179617            nan            nan
        10    -120.259998       0.165864            nan            nan
        11    -120.201543       0.122001            nan            nan
        12    -120.137340       0.064258            nan            nan
        13    -120.154368       0.072025            nan            nan
        14    -120.183640       0.114764            nan            nan
        15    -120.160970       0.096032            nan            nan
        16    -120.131469       0.062953            nan            nan
        17    -120.158242       0.089481            nan            nan
        18    -120.236869       0.159915            nan            nan
        19    -120.288521       0.215703            nan            nan
        20    -120.265027       0.175974            nan            nan
        21    -120.236735       0.152837            nan            nan
        22    -120.298061       0.200417            nan            nan
        23    -120.353972       0.222886            nan            nan
        24    -120.344993       0.194124            nan            nan
        25    -120.310069       0.182893            nan            nan
        26    -120.318164       0.179683            nan            nan
        27    -120.369831       0.220184            nan            nan
        28    -120.397399       0.266098            nan            nan
