# Cycle: 19, status: ACC, move: ('wf', 9000, 3, 25)
#     Time      Potential        Kinetic
         0    -120.309447       0.133863            nan            nan
         1    -120.347769       0.178693            nan            nan
         2    -120.381486       0.229045            nan            nan
         3    -120.406631       0.246307            nan            nan
         4    -120.411448       0.274936            nan            nan
         5    -120.391844       0.242214            nan            nan
         6    -120.347894       0.195975            nan            nan
         7    -120.301497       0.122535            nan            nan
         8    -120.279572       0.092360            nan            nan
         9    -120.271971       0.086105            nan            nan
        10    -120.263042       0.094039            nan            nan
        11    -120.249486       0.097780            nan            nan
        12    -120.237111       0.089200            nan            nan
        13    -120.243824       0.101481            nan            nan
        14    -120.261412       0.127342            nan            nan
        15    -120.261862       0.119522            nan            nan
        16    -120.244806       0.104895            nan            nan
        17    -120.241497       0.096963            nan            nan
        18    -120.264292       0.126125            nan            nan
        19    -120.292489       0.191682            nan            nan
        20    -120.314503       0.241602            nan            nan
        21    -120.343444       0.283568            nan            nan
        22    -120.381904       0.313022            nan            nan
        23    -120.418895       0.293876            nan            nan
        24    -120.429394       0.274239            nan            nan
