# Cycle: 4, status: ACC, move: ('wf', 9000, 3, 28)
#     Time      Potential        Kinetic
         0    -120.383712       0.381287            nan            nan
         1    -120.399318       0.395131            nan            nan
         2    -120.369497       0.379410            nan            nan
         3    -120.324036       0.354429            nan            nan
         4    -120.280381       0.291412            nan            nan
         5    -120.233959       0.233430            nan            nan
         6    -120.203834       0.181075            nan            nan
         7    -120.193040       0.169851            nan            nan
         8    -120.172732       0.166355            nan            nan
         9    -120.136693       0.115692            nan            nan
        10    -120.138497       0.106254            nan            nan
        11    -120.157937       0.125474            nan            nan
        12    -120.161179       0.141238            nan            nan
        13    -120.154744       0.121576            nan            nan
        14    -120.133868       0.123770            nan            nan
        15    -120.131965       0.120624            nan            nan
        16    -120.162157       0.169670            nan            nan
        17    -120.182524       0.185839            nan            nan
        18    -120.163776       0.192020            nan            nan
        19    -120.160139       0.212694            nan            nan
        20    -120.196854       0.249247            nan            nan
        21    -120.231587       0.264853            nan            nan
        22    -120.254083       0.291231            nan            nan
        23    -120.267580       0.333700            nan            nan
        24    -120.298722       0.335435            nan            nan
        25    -120.359872       0.405238            nan            nan
        26    -120.412501       0.447681            nan            nan
        27    -120.396996       0.457099            nan            nan
