# Cycle: 114, status: ACC, move: ('wf', 9000, 1, 38)
#     Time      Potential        Kinetic
         0    -120.347589       0.310773            nan            nan
         1    -120.401342       0.401444            nan            nan
         2    -120.428740       0.419516            nan            nan
         3    -120.414340       0.381365            nan            nan
         4    -120.374096       0.333201            nan            nan
         5    -120.333166       0.290768            nan            nan
         6    -120.303893       0.307529            nan            nan
         7    -120.271918       0.275969            nan            nan
         8    -120.216338       0.204715            nan            nan
         9    -120.170508       0.146758            nan            nan
        10    -120.165516       0.168987            nan            nan
        11    -120.182976       0.196960            nan            nan
        12    -120.180276       0.202867            nan            nan
        13    -120.161213       0.156276            nan            nan
        14    -120.148875       0.134726            nan            nan
        15    -120.157098       0.144244            nan            nan
        16    -120.172911       0.160766            nan            nan
        17    -120.160285       0.154935            nan            nan
        18    -120.126453       0.123232            nan            nan
        19    -120.125008       0.133256            nan            nan
        20    -120.148930       0.162957            nan            nan
        21    -120.153275       0.174349            nan            nan
        22    -120.127777       0.155129            nan            nan
        23    -120.121337       0.135406            nan            nan
        24    -120.154188       0.168187            nan            nan
        25    -120.173981       0.179509            nan            nan
        26    -120.150987       0.169414            nan            nan
        27    -120.137167       0.178041            nan            nan
        28    -120.176111       0.232087            nan            nan
        29    -120.219284       0.286278            nan            nan
        30    -120.246579       0.305986            nan            nan
        31    -120.265625       0.355366            nan            nan
        32    -120.294616       0.385945            nan            nan
        33    -120.346071       0.430870            nan            nan
        34    -120.384447       0.452750            nan            nan
        35    -120.386662       0.438328            nan            nan
        36    -120.362249       0.378754            nan            nan
        37    -120.322647       0.313722            nan            nan
