# Cycle: 114, status: ACC, move: ('wf', 9000, 1, 38)
#     Time       Orderp
         0    -0.726525
         1    -0.688897
         2    -0.646209
         3    -0.596979
         4    -0.548994
         5    -0.493552
         6    -0.430449
         7    -0.366520
         8    -0.305800
         9    -0.258669
        10    -0.218116
        11    -0.180744
        12    -0.142676
        13    -0.110050
        14    -0.085019
        15    -0.060473
        16    -0.041044
        17    -0.026170
        18    -0.013512
        19     0.002007
        20     0.018828
        21     0.033608
        22     0.052792
        23     0.075229
        24     0.100728
        25     0.126307
        26     0.151036
        27     0.180792
        28     0.221962
        29     0.268895
        30     0.325116
        31     0.387761
        32     0.455908
        33     0.525240
        34     0.585662
        35     0.641097
        36     0.692189
        37     0.737890
