# Cycle: 34, status: ACC, move: ('wf', 9000, 3, 35)
#     Time      Potential        Kinetic
         0    -120.416695       0.431945            nan            nan
         1    -120.403763       0.460647            nan            nan
         2    -120.355336       0.408320            nan            nan
         3    -120.292326       0.328054            nan            nan
         4    -120.241732       0.276767            nan            nan
         5    -120.215926       0.278113            nan            nan
         6    -120.198622       0.311543            nan            nan
         7    -120.180309       0.301832            nan            nan
         8    -120.160844       0.280188            nan            nan
         9    -120.154407       0.279082            nan            nan
        10    -120.153508       0.290289            nan            nan
        11    -120.141285       0.249846            nan            nan
        12    -120.107720       0.241916            nan            nan
        13    -120.080502       0.206522            nan            nan
        14    -120.088791       0.207713            nan            nan
        15    -120.113581       0.209074            nan            nan
        16    -120.116205       0.179859            nan            nan
        17    -120.102323       0.172974            nan            nan
        18    -120.101527       0.185529            nan            nan
        19    -120.123667       0.201652            nan            nan
        20    -120.134562       0.208033            nan            nan
        21    -120.126033       0.194044            nan            nan
        22    -120.119195       0.192703            nan            nan
        23    -120.133158       0.213485            nan            nan
        24    -120.157548       0.235493            nan            nan
        25    -120.167892       0.269426            nan            nan
        26    -120.170866       0.279749            nan            nan
        27    -120.198881       0.293293            nan            nan
        28    -120.254666       0.361433            nan            nan
        29    -120.309277       0.413620            nan            nan
        30    -120.346136       0.424875            nan            nan
        31    -120.369707       0.418783            nan            nan
        32    -120.383086       0.435864            nan            nan
        33    -120.379791       0.480575            nan            nan
        34    -120.353323       0.461277            nan            nan
